::::CONFIG::::
Wejscia (inSize): 10
Wyjscia (outSize): 1
Rodzaj aktywacji (rodzAktywacji): 1
Ile ukrytch warstw (ileHiddenLayers): 1
Ile neuronow w warstwie (Vector ileNeuronsInLayers): 8 
::::CONFIG::::
Wagi:
Neuron-w:0/0: 0.10576460829467792 -0.088139750273625167 0.18294024125832795 -0.096443895436249844 -0.00082645113709843554 -0.015636481844042475 0.0055283575313081427 0.034924254361068677 0.0078859056518437876 -0.23740191735248165 
Neuron-w:0/1: 0.5543278600086291 0.37156608402226332 -1.6204239535842899 -0.89388058249581348 1.0485249765013094 0.020104860123120689 -0.45655035214941708 -0.47796485230889058 -0.031503792055752981 -0.35393157494442207 
Neuron-w:0/2: -0.46554078683699812 -0.62706102383921525 3.2012781322659598 1.3088411180290542 -2.1404018196985315 -0.49511968797155942 0.26996220023457063 0.42798735227177886 0.26652377911404579 0.28493627875811989 
Neuron-w:0/3: 0.18955724173782476 0.17616291216368349 -1.5898393850387431 -0.75358340315358674 1.0837652878610864 0.46833876936528868 -0.15543126713004157 0.01596231732923829 -0.36114473814193127 -0.31065214801132096 
Neuron-w:0/4: 0.42888298542577152 0.32277026628118471 -1.9665545739789192 -0.75338751741425536 1.4578777381020156 0.33126865581918347 -0.49940097814307866 -0.052858279466314079 -0.31528101569946698 -0.0067381833887544974 
Neuron-w:0/5: -0.067731887371177912 0.13535038474947436 -1.2062235382459237 -0.75048906453869446 0.47027159225103188 -0.0067775894514780803 0.021888773787650594 -0.53813031425686331 0.20094190757754823 -0.2635101457707279 
Neuron-w:0/6: 0.3920516865953334 0.48146099347261745 -2.1418440503206502 -1.027103797758625 1.4650247586869387 0.51437702747327063 -0.40763349920539538 -0.12793349426285 -0.27330823209515814 -0.1220423380251827 
Neuron-w:0/7: -0.1183696187382135 -0.33317488298720971 2.0500550014408869 0.68447916570713341 -1.3453368455342116 -0.1607576006577594 0.18789046643721941 0.42699108602301833 -0.044485693947197709 0.26267022320111194 

Neuron-w:1/0: -0.2178532429395664 2.2101143989916854 -4.5820471766346875 2.0228018877144249 2.536590359860861 1.3704487030508954 2.8435840051805918 -2.795022542623546 

Bias:
-0.028112353523249877 0.15114724260266973 -0.13082824726654138 0.073358906286666734 -0.037465338703621134 0.12778731447809938 0.056855540323246155 -0.0030249376874984901 
-0.65046588799881633 
